image_width: 644
image_height: 482
camera_name: 0
camera_matrix:
  rows: 3
  cols: 3
  data: [760.289863, 0, 316.774504, 0, 760.564351, 227.248886, 0, 0, 1]
distortion_model: plumb_bob
distortion_coefficients:
  rows: 1
  cols: 5
  data: [-0.360125, 0.310974, 0.000108, 0.000994, 0]
rectification_matrix:
  rows: 3
  cols: 3
  data: [1, 0, 0, 0, 1, 0, 0, 0, 1]
projection_matrix:
  rows: 3
  cols: 4
  data: [714.374268, 0, 316.699981, 0, 0, 733.537903, 226.317008, 0, 0, 0, 1, 0]
